Bin   #(%) accepted   #(%) rejected    # F2    # F3    # F4    # F5    # F6    # F7    # F8
  1     117( 98.3)        2(  1.7)       2       0       0       0       0       0       0
  2     116( 96.7)        4(  3.3)       4       0       0       0       0       0       0
  3     116( 99.1)        1(  0.9)       1       0       0       0       0       0       0
  4     120(100.0)        0(  0.0)       0       0       0       0       0       0       0
  5     118( 98.3)        2(  1.7)       2       0       0       0       0       0       0
  6      60(100.0)        0(  0.0)       0       0       0       0       0       0       0
  7      60(100.0)        0(  0.0)       0       0       0       0       0       0       0
  8      57( 98.3)        1(  1.7)       1       0       0       0       0       0       0
  9      60(100.0)        0(  0.0)       0       0       0       0       0       0       0
 10      60(100.0)        0(  0.0)       0       0       0       0       0       0       0
 11      59(100.0)        0(  0.0)       0       0       0       0       0       0       0
 12      60(100.0)        0(  0.0)       0       0       0       0       0       0       0
 13      59(100.0)        0(  0.0)       0       0       0       0       0       0       0
 14      60(100.0)        0(  0.0)       0       0       0       0       0       0       0
 15      59( 98.3)        1(  1.7)       1       0       0       0       0       0       0
____________________________________________________________________________________________________
Total  1181( 99.1)       11(  0.9)      11       0       0       0       0       0       0

