Bin   #(%) accepted   #(%) rejected    # F2    # F3    # F4    # F5    # F6    # F7    # F8
  1     106( 88.3)       14( 11.7)      14       0       0       0       0       0       0
  2     113( 94.2)        7(  5.8)       7       0       0       0       0       0       0
  3     115( 95.8)        5(  4.2)       5       0       0       0       0       0       0
  4     113( 94.2)        7(  5.8)       7       0       0       0       0       0       0
  5     110( 91.7)       10(  8.3)      10       0       0       0       0       0       0
  6      54( 90.0)        6( 10.0)       6       0       0       0       0       0       0
  7      55( 91.7)        5(  8.3)       5       0       0       0       0       0       0
  8      56( 93.3)        4(  6.7)       4       0       0       0       0       0       0
  9      57( 95.0)        3(  5.0)       3       0       0       0       0       0       0
 10      55( 91.7)        5(  8.3)       5       0       0       0       0       0       0
 11      51( 85.0)        9( 15.0)       9       0       0       0       0       0       0
 12      55( 91.7)        5(  8.3)       5       0       0       0       0       0       0
 13      54( 90.0)        6( 10.0)       6       0       0       0       0       0       0
 14      52( 86.7)        8( 13.3)       8       0       0       0       0       0       0
 15      51( 85.0)        9( 15.0)       9       0       0       0       0       0       0
____________________________________________________________________________________________________
Total  1097( 91.4)      103(  8.6)     103       0       0       0       0       0       0

