Bin   #(%) accepted   #(%) rejected    # F2    # F3    # F4    # F5    # F6    # F7    # F8
  1     119( 99.2)        1(  0.8)       1       0       0       0       0       0       0
  2     117( 97.5)        3(  2.5)       3       0       0       0       0       0       0
  3     120(100.0)        0(  0.0)       0       0       0       0       0       0       0
  4     120(100.0)        0(  0.0)       0       0       0       0       0       0       0
  5     118( 98.3)        2(  1.7)       2       0       0       0       0       0       0
  6      60(100.0)        0(  0.0)       0       0       0       0       0       0       0
  7      59( 98.3)        1(  1.7)       1       0       0       0       0       0       0
  8      59( 98.3)        1(  1.7)       1       0       0       0       0       0       0
  9      60(100.0)        0(  0.0)       0       0       0       0       0       0       0
 10      60(100.0)        0(  0.0)       0       0       0       0       0       0       0
 11      60(100.0)        0(  0.0)       0       0       0       0       0       0       0
 12      60(100.0)        0(  0.0)       0       0       0       0       0       0       0
 13      59( 98.3)        1(  1.7)       1       0       0       0       0       0       0
 14      60(100.0)        0(  0.0)       0       0       0       0       0       0       0
 15      60(100.0)        0(  0.0)       0       0       0       0       0       0       0
____________________________________________________________________________________________________
Total  1191( 99.2)        9(  0.8)       9       0       0       0       0       0       0

