Bin   #(%) accepted   #(%) rejected    # F2    # F3    # F4    # F5    # F6    # F7    # F8
  1     120(100.0)        0(  0.0)       0       0       0       0       0       0       0
  2     120(100.0)        0(  0.0)       0       0       0       0       0       0       0
  3     119( 99.2)        1(  0.8)       1       0       0       0       0       0       0
  4     120(100.0)        0(  0.0)       0       0       0       0       0       0       0
  5     120(100.0)        0(  0.0)       0       0       0       0       0       0       0
  6      60(100.0)        0(  0.0)       0       0       0       0       0       0       0
  7      60(100.0)        0(  0.0)       0       0       0       0       0       0       0
  8      58( 96.7)        2(  3.3)       2       0       0       0       0       0       0
  9      60(100.0)        0(  0.0)       0       0       0       0       0       0       0
 10      60(100.0)        0(  0.0)       0       0       0       0       0       0       0
 11      60(100.0)        0(  0.0)       0       0       0       0       0       0       0
 12      59( 98.3)        1(  1.7)       1       0       0       0       0       0       0
 13      60(100.0)        0(  0.0)       0       0       0       0       0       0       0
 14      60(100.0)        0(  0.0)       0       0       0       0       0       0       0
 15      60(100.0)        0(  0.0)       0       0       0       0       0       0       0
____________________________________________________________________________________________________
Total  1196( 99.7)        4(  0.3)       4       0       0       0       0       0       0

