Bin   #(%) accepted   #(%) rejected    # F2    # F3    # F4    # F5    # F6    # F7    # F8
  1     116( 96.7)        4(  3.3)       4       0       0       0       0       0       0
  2     117( 97.5)        3(  2.5)       3       0       0       0       0       0       0
  3     117( 97.5)        3(  2.5)       3       0       0       0       0       0       0
  4     120(100.0)        0(  0.0)       0       0       0       0       0       0       0
  5     118( 98.3)        2(  1.7)       2       0       0       0       0       0       0
  6      58( 96.7)        2(  3.3)       2       0       0       0       0       0       0
  7      60(100.0)        0(  0.0)       0       0       0       0       0       0       0
  8      59( 98.3)        1(  1.7)       1       0       0       0       0       0       0
  9      60(100.0)        0(  0.0)       0       0       0       0       0       0       0
 10      59( 98.3)        1(  1.7)       1       0       0       0       0       0       0
 11      60(100.0)        0(  0.0)       0       0       0       0       0       0       0
 12      59( 98.3)        1(  1.7)       1       0       0       0       0       0       0
 13      59( 98.3)        1(  1.7)       1       0       0       0       0       0       0
 14      59( 98.3)        1(  1.7)       1       0       0       0       0       0       0
 15      59( 98.3)        1(  1.7)       1       0       0       0       0       0       0
____________________________________________________________________________________________________
Total  1180( 98.3)       20(  1.7)      20       0       0       0       0       0       0

