Bin   #(%) accepted   #(%) rejected    # F2    # F3    # F4    # F5    # F6    # F7    # F8
  1     100( 83.3)       20( 16.7)      20       0       0       0       0       0       0
  2     104( 86.7)       16( 13.3)      16       0       0       0       0       0       0
  3     113( 94.2)        7(  5.8)       7       0       0       0       0       0       0
  4     108( 90.0)       12( 10.0)      12       0       0       0       0       0       0
  5     106( 88.3)       14( 11.7)      14       0       0       0       0       0       0
  6      51( 85.0)        9( 15.0)       9       0       0       0       0       0       0
  7      51( 85.0)        9( 15.0)       9       0       0       0       0       0       0
  8      55( 91.7)        5(  8.3)       5       0       0       0       0       0       0
  9      56( 93.3)        4(  6.7)       4       0       0       0       0       0       0
 10      54( 90.0)        6( 10.0)       6       0       0       0       0       0       0
 11      49( 81.7)       11( 18.3)      11       0       0       0       0       0       0
 12      53( 88.3)        7( 11.7)       7       0       0       0       0       0       0
 13      52( 86.7)        8( 13.3)       8       0       0       0       0       0       0
 14      48( 80.0)       12( 20.0)      12       0       0       0       0       0       0
 15      46( 76.7)       14( 23.3)      14       0       0       0       0       0       0
____________________________________________________________________________________________________
Total  1046( 87.2)      154( 12.8)     154       0       0       0       0       0       0

