bin1_No_Sound_PO3	bin1_No_Sound_PO4	bin2_One_Soft_PO3	bin2_One_Soft_PO4	bin3_One_Loud_PO3	bin3_One_Loud_PO4	bin4_Multi_Soft_PO3	bin4_Multi_Soft_PO4	bin5_Multi_Loud_PO3	bin5_Multi_Loud_PO4		mlabel	ERPset
    -0.968	    -0.701	     0.263	     0.976	    -1.757	    -0.516	      -0.606	       0.894	      -0.782	      -0.390	P2	sub-01
    -0.507	    -1.967	    -0.258	     0.618	     4.133	     4.165	      -0.254	      -0.430	       3.767	       3.852	P2	sub-02
     0.625	     0.689	     1.426	     1.361	    -0.243	    -0.690	       0.896	       1.417	       2.183	       1.957	P2	sub-03
     0.033	     0.133	    -0.252	     0.272	     1.677	     1.600	       0.006	       0.454	       1.835	       2.342	P2	sub-04
     0.579	     0.689	     1.006	     0.377	     0.967	     0.404	       2.280	       0.372	       2.454	       1.510	P2	sub-05
     0.299	     0.838	     0.515	     0.375	     0.957	     0.016	      -0.422	      -0.855	       0.302	       0.646	P2	sub-06
     0.978	     0.634	     1.141	     1.133	     0.107	    -0.089	       1.974	       1.718	       1.044	       0.569	P2	sub-07
    -1.985	    -1.954	    -2.568	    -3.178	    -1.404	    -1.532	      -1.680	      -2.401	       1.505	       1.475	P2	sub-09
    -3.157	    -2.368	     0.427	     1.777	     2.008	     1.059	       1.938	       1.466	       4.826	       4.049	P2	sub-10
     0.108	    -0.381	     1.010	     1.368	     4.373	     4.786	       2.916	       3.069	       6.188	       5.891	P2	sub-11
     0.188	    -0.466	     1.844	     1.718	     2.031	     0.999	       1.745	       1.592	       3.324	       1.771	P2	sub-12
    -0.262	    -0.284	     1.273	     0.638	     1.750	     1.604	       1.893	       1.088	       3.820	       2.558	P2	sub-13
    -0.442	    -0.427	     0.541	     0.746	     1.222	     1.597	      -0.629	      -0.206	       0.208	       0.480	P2	sub-14
     0.662	     1.134	     0.998	     1.329	     1.130	     1.262	       0.892	       1.463	       1.802	       2.371	P2	sub-15
    -0.133	     0.590	     0.225	     0.501	     1.120	     0.895	      -0.153	       0.002	       0.383	       0.104	P2	sub-16
     0.524	    -0.314	    -1.425	    -0.957	    -0.030	    -0.350	       1.930	      -0.327	       4.163	       4.243	P2	sub-17
     0.118	     0.502	     0.860	     2.044	     1.465	     2.418	       0.745	       1.516	       1.542	       2.177	P2	sub-18
     0.314	    -0.064	     1.277	     0.578	     1.861	     1.052	      -0.339	      -0.409	       2.995	       2.111	P2	sub-19
     0.312	     1.403	     0.398	    -0.091	     0.693	     0.446	       0.940	       0.542	       1.264	       0.834	P2	sub-20
    -0.767	     1.232	     0.521	     1.413	     1.923	     3.006	      -0.808	       0.280	       3.579	       4.370	P2	sub-21
     0.702	     1.160	     1.858	     1.619	     1.414	     1.489	       1.581	       1.254	       3.307	       2.191	P2	sub-22
     0.050	    -0.037	     0.941	     1.220	     1.152	     1.285	      -0.245	       1.108	      -0.579	      -0.019	P2	sub-23
