bin1_Probe_after_No_Sound_PO3	bin1_Probe_after_No_Sound_PO4	bin2_Probe_after_Multi_Soft_PO3	bin2_Probe_after_Multi_Soft_PO4	bin3_Probe_after_Multi_Loud_PO3	bin3_Probe_after_Multi_Loud_PO4	bin4_Probe_after_One_Soft_PO3	bin4_Probe_after_One_Soft_PO4	bin5_Probe_after_One_Loud_PO3	bin5_Probe_after_One_Loud_PO4		ERPset
                 2.370	                 4.827	                   2.816	                   4.555	                   2.423	                   3.062	                 2.848	                 4.319	                 0.672	                 3.010	sub-02
                 4.528	                 4.221	                   4.471	                   4.897	                   4.447	                   4.143	                 3.696	                 3.738	                 5.889	                 4.026	sub-03
                 3.122	                 2.292	                   2.212	                   0.703	                   2.351	                   1.699	                 2.315	                 1.486	                 2.870	                 2.377	sub-04
                 1.853	                 3.743	                   2.267	                   5.712	                   0.856	                   3.110	                 2.118	                 4.430	                 0.894	                 3.842	sub-05
                 2.608	                 3.920	                   5.877	                   6.318	                   2.574	                   4.208	                 4.651	                 6.657	                 1.664	                 3.298	sub-06
                 0.593	                 1.112	                   2.978	                   3.487	                   2.881	                   3.215	                 0.972	                 1.097	                 1.072	                 1.670	sub-07
                 2.886	                 2.204	                   0.059	                   0.003	                   0.760	                   0.736	                -0.902	                 0.419	                 3.316	                 4.480	sub-09
                -0.556	                -1.149	                   0.832	                   3.639	                  -3.325	                  -2.074	                -1.076	                -1.965	                -0.571	                -3.291	sub-10
                 5.440	                 6.361	                   2.836	                   3.127	                   0.841	                   1.791	                 3.805	                 4.912	                 2.865	                 2.729	sub-11
                 1.291	                 3.898	                   3.421	                   4.636	                   3.125	                   4.464	                 1.680	                 3.343	                 2.403	                 4.488	sub-12
                 3.315	                 3.094	                   1.752	                   3.493	                  -1.177	                  -0.186	                -0.212	                 0.703	                 0.241	                 2.181	sub-13
                 0.550	                 1.182	                   1.638	                   1.943	                   1.337	                   1.401	                 1.812	                 2.597	                 1.928	                 2.223	sub-14
                 1.419	                 1.997	                   2.330	                   2.593	                   0.872	                   2.223	                 3.096	                 3.411	                 2.593	                 2.712	sub-15
                -1.138	                -2.008	                   2.124	                   1.780	                   0.354	                   0.068	                -1.888	                -2.557	                -1.634	                -1.457	sub-16
                 2.282	                -1.434	                   4.613	                   0.230	                   4.183	                   0.923	                 5.023	                 1.362	                 5.380	                -0.883	sub-17
                 3.162	                 2.955	                   3.847	                   0.704	                   3.862	                   3.548	                 4.287	                 1.447	                 3.731	                 2.986	sub-19
                 4.944	                 4.606	                   4.325	                   4.303	                   5.272	                   5.034	                 4.407	                 4.236	                 5.837	                 5.619	sub-20
                 3.435	                 0.573	                   4.877	                   1.249	                   1.659	                  -2.204	                 5.372	                 1.966	                 3.843	                 0.194	sub-21
                -1.999	                 0.866	                  -3.120	                   1.033	                  -2.950	                   2.228	                -2.343	                 0.678	                -3.341	                 1.412	sub-22
                 3.827	                 6.768	                   4.502	                   7.643	                   5.260	                   7.631	                 4.083	                 6.695	                 4.762	                 7.940	sub-23
