Bin   #(%) accepted   #(%) rejected    # F2    # F3    # F4    # F5    # F6    # F7    # F8
  1     119( 99.2)        1(  0.8)       1       0       0       0       0       0       0
  2     119( 99.2)        1(  0.8)       1       0       0       0       0       0       0
  3     118( 98.3)        2(  1.7)       2       0       0       0       0       0       0
  4     118( 98.3)        2(  1.7)       2       0       0       0       0       0       0
  5     117( 97.5)        3(  2.5)       3       0       0       0       0       0       0
  6      60(100.0)        0(  0.0)       0       0       0       0       0       0       0
  7      60(100.0)        0(  0.0)       0       0       0       0       0       0       0
  8      58( 96.7)        2(  3.3)       2       0       0       0       0       0       0
  9      59( 98.3)        1(  1.7)       1       0       0       0       0       0       0
 10      60(100.0)        0(  0.0)       0       0       0       0       0       0       0
 11      60(100.0)        0(  0.0)       0       0       0       0       0       0       0
 12      60(100.0)        0(  0.0)       0       0       0       0       0       0       0
 13      60(100.0)        0(  0.0)       0       0       0       0       0       0       0
 14      60(100.0)        0(  0.0)       0       0       0       0       0       0       0
 15      57( 95.0)        3(  5.0)       3       0       0       0       0       0       0
____________________________________________________________________________________________________
Total  1185( 98.8)       15(  1.2)      15       0       0       0       0       0       0

