Bin   #(%) accepted   #(%) rejected    # F2    # F3    # F4    # F5    # F6    # F7    # F8
  1     118( 98.3)        2(  1.7)       2       0       0       0       0       0       0
  2     117( 97.5)        3(  2.5)       3       0       0       0       0       0       0
  3     119( 99.2)        1(  0.8)       1       0       0       0       0       0       0
  4     117( 97.5)        3(  2.5)       3       0       0       0       0       0       0
  5     115( 95.8)        5(  4.2)       5       0       0       0       0       0       0
  6      58( 96.7)        2(  3.3)       2       0       0       0       0       0       0
  7      60(100.0)        0(  0.0)       0       0       0       0       0       0       0
  8      58( 96.7)        2(  3.3)       2       0       0       0       0       0       0
  9      58( 96.7)        2(  3.3)       2       0       0       0       0       0       0
 10      58( 96.7)        2(  3.3)       2       0       0       0       0       0       0
 11      59( 98.3)        1(  1.7)       1       0       0       0       0       0       0
 12      59( 98.3)        1(  1.7)       1       0       0       0       0       0       0
 13      59( 98.3)        1(  1.7)       1       0       0       0       0       0       0
 14      59( 98.3)        1(  1.7)       1       0       0       0       0       0       0
 15      58( 96.7)        2(  3.3)       2       0       0       0       0       0       0
____________________________________________________________________________________________________
Total  1172( 97.7)       28(  2.3)      28       0       0       0       0       0       0

