Bin   #(%) accepted   #(%) rejected    # F2    # F3    # F4    # F5    # F6    # F7    # F8
  1     120(100.0)        0(  0.0)       0       0       0       0       0       0       0
  2     119( 99.2)        1(  0.8)       1       0       0       0       0       0       0
  3     119( 99.2)        1(  0.8)       1       0       0       0       0       0       0
  4     119( 99.2)        1(  0.8)       1       0       0       0       0       0       0
  5     119( 99.2)        1(  0.8)       1       0       0       0       0       0       0
  6      60(100.0)        0(  0.0)       0       0       0       0       0       0       0
  7      59( 98.3)        1(  1.7)       1       0       0       0       0       0       0
  8      60(100.0)        0(  0.0)       0       0       0       0       0       0       0
  9      60(100.0)        0(  0.0)       0       0       0       0       0       0       0
 10      59( 98.3)        1(  1.7)       1       0       0       0       0       0       0
 11      60(100.0)        0(  0.0)       0       0       0       0       0       0       0
 12      60(100.0)        0(  0.0)       0       0       0       0       0       0       0
 13      60(100.0)        0(  0.0)       0       0       0       0       0       0       0
 14      59( 98.3)        1(  1.7)       1       0       0       0       0       0       0
 15      60(100.0)        0(  0.0)       0       0       0       0       0       0       0
____________________________________________________________________________________________________
Total  1193( 99.4)        7(  0.6)       7       0       0       0       0       0       0

