Bin   #(%) accepted   #(%) rejected    # F2    # F3    # F4    # F5    # F6    # F7    # F8
  1     117( 97.5)        3(  2.5)       3       0       0       0       0       0       0
  2     118( 98.3)        2(  1.7)       2       0       0       0       0       0       0
  3     115( 95.8)        5(  4.2)       5       0       0       0       0       0       0
  4     117( 97.5)        3(  2.5)       3       0       0       0       0       0       0
  5     117( 97.5)        3(  2.5)       3       0       0       0       0       0       0
  6      58( 96.7)        2(  3.3)       2       0       0       0       0       0       0
  7      59( 98.3)        1(  1.7)       1       0       0       0       0       0       0
  8      60(100.0)        0(  0.0)       0       0       0       0       0       0       0
  9      59( 98.3)        1(  1.7)       1       0       0       0       0       0       0
 10      60(100.0)        0(  0.0)       0       0       0       0       0       0       0
 11      60(100.0)        0(  0.0)       0       0       0       0       0       0       0
 12      57( 95.0)        3(  5.0)       3       0       0       0       0       0       0
 13      60(100.0)        0(  0.0)       0       0       0       0       0       0       0
 14      60(100.0)        0(  0.0)       0       0       0       0       0       0       0
 15      59( 98.3)        1(  1.7)       1       0       0       0       0       0       0
____________________________________________________________________________________________________
Total  1176( 98.0)       24(  2.0)      24       0       0       0       0       0       0

