Bin   #(%) accepted   #(%) rejected    # F2    # F3    # F4    # F5    # F6    # F7    # F8
  1     120(100.0)        0(  0.0)       0       0       0       0       0       0       0
  2     120(100.0)        0(  0.0)       0       0       0       0       0       0       0
  3     120(100.0)        0(  0.0)       0       0       0       0       0       0       0
  4     120(100.0)        0(  0.0)       0       0       0       0       0       0       0
  5     120(100.0)        0(  0.0)       0       0       0       0       0       0       0
  6      60(100.0)        0(  0.0)       0       0       0       0       0       0       0
  7      60(100.0)        0(  0.0)       0       0       0       0       0       0       0
  8      59( 98.3)        1(  1.7)       1       0       0       0       0       0       0
  9      60(100.0)        0(  0.0)       0       0       0       0       0       0       0
 10      60(100.0)        0(  0.0)       0       0       0       0       0       0       0
 11      60(100.0)        0(  0.0)       0       0       0       0       0       0       0
 12      60(100.0)        0(  0.0)       0       0       0       0       0       0       0
 13      60(100.0)        0(  0.0)       0       0       0       0       0       0       0
 14      60(100.0)        0(  0.0)       0       0       0       0       0       0       0
 15      60(100.0)        0(  0.0)       0       0       0       0       0       0       0
____________________________________________________________________________________________________
Total  1199( 99.9)        1(  0.1)       1       0       0       0       0       0       0

